x1 = 30; y1 = 40;
x2 = 30; y2 = 22.5;
x3 = 30; y3 = 5;
a1 = 400; a2 = 250; a3 = 600;
A = a1 + a2 + a3;
x = ( x1*a1 + x2*a2 + x3*a3 ) / A
y = ( y1*a1 + y2*a2 + y3*a3 ) / A
